3
1
1
1
1
1
1
1
1
1
1
1
1
1
1
1
1
1
1
1
1
1
1
1
1
1
1
1
1
1
1
1
1
1
1
1
1
1
1
1
1
1
1
1
1
1
1
1
1
1
1
1
1
1
1
1
1
1
1
1
1
1
1
1
1
1
1
1
1
1
1
1
1
1
1
1
1
1
1
1
1
1
1
1
1
1
1
1
1
1
1
1
1
1
1
1
1
1
1
1
1
1
1
1
1
1
1
1
1
1
1
1
1
1
1
1
1
1
1
1
1
1
1
1
1
1
1
1
1
1
1
1
1
1
1
1
1
1
1
1
1
1
1
1
1
1
1
1
1
1
1
1
1
1
1
1
1
1
1
1
1
1
1
1
1
1
1
1
1
1
1
1
1
1
1
1
1
1
1
1
1
1
1
1
1
1
1
1
1
1
1
1
1
1
1
1
1
1
1
1
1
1
1
1
1
1
1
1
1
1
1
1
1
1
1
1
1
1
1
1
1
1
1
1
1
1
1
1
1
1
1
1
1
1
1
1
1
1
1
1
1
1
1
1
1
1
1
1
1
1
1
1
1
1
1
1
1
1
1
1
1
1
1
1
1
1
1
1
1
1
1
1
1
1
1
1
1
1
1
1
1
1
1
1
1
1
1
1
1
1
1
1
1
1
1
1
1
1
1
1
1
1
1
1
1
1
1
1
1
1
1
1
1
1
1
1
1
1
1
1
1
1
1
1
1
1
1
1
1
1
1
1
1
1
1
1
1
1
1
1
1
1
1
1
1
1
1
1
1
1
1
1
1
1
1
1
1
1
1
1
1
1
1
1
1
1
1
1
1
1
1
1
1
1
1
1
1
1
1
1
1
1
1
1
1
1
1
1
1
1
1
1
1
1
1
1
1
1
1
1
1
1
1
1
1
1
1
1
1
1
1
1
1
1
1
1
1
1
1
1
1
1
1
1
1
1
1
1
1
1
1
1
1
1
1
1
1
1
1
1
1
1
1
1
1
1
1
1
1
1
1
1
1
1
1
1
1
1
1
1
1
1
1
1
1
1
1
1
1
1
1
1
1
1
1
1
1
1
1
1
1
1
1
1
1
1
1
1
1
1
1
1
1
1
1
1
1
1
1
1
1
1
1
1
1
1
1
1
1
1
1
1
1
1
1
1
1
1
1
1
1
1
1
1
1
1
1
1
1
1
1
1
1
1
1
1
1
1
1
1
1
1
1
1
1
1
1
1
1
1
1
1
1
1
1
1
1
1
1
1
1
1
1
1
1
1
1
1
1
1
1
1
1
1
1
1
1
1
1
1
1
1
1
1
1
1
1
1
1
1
1
1
1
1
1
1
1
1
1
1
1
1
1
1
1
1
1
1
1
1
1
1
1
1
1
1
1
1
1
1
1
1
1
1
1
1
1
1
1
1
1
1
1
1
1
1
1
1
1
1
1
1
1
1
1
1
1
1
1
1
1
1
1
1
1
1
1
1
1
1
1
1
1
1
1
1
1
1
1
1
1
1
1
1
1
1
1
1
1
1
1
1
1
1
1
1
1
1
1
1
1
1
1
1
1
1
1
1
1
1
1
1
1
1
1
1
1
1
1
1
1
1
1
1
1
1
1
1
1
1
1
1
1
1
1
1
1
1
1
1
1
1
1
1
1
1
1
1
1
1
1
1
1
1
1
1
1
1
1
1
1
1
1
1
1
1
1
1
1
1
1
1
1
1
1
1
1
1
1
1
1
1
1
1
1
1
1
1
1
1
1
1
1
1
1
1
1
1
1
1
1
1
1
1
1
1
1
1
1
1
1
1
1
1
1
1
1
1
1
1
1
1
1
1
1
1
1
1
1
1
1
1
1
1
1
1
1
1
1
1
1
1
1
1
1
1
1
1
1
1
1
1
1
1
1
1
1
1
1
1
1
1
1
1
1
1
1
1
1
1
1
1
1
1
1
1
1
1
1
1
1
1
1
1
1
1
1
1
1
1
1
1
1
1
1
1
1
1
1
1
1
1
1
1
1
1
1
1
1
1
1
1
1
1
1
1
1
1
1
1
1
1
1
1
1
1
1
1
1
1
1
1
1
1
1
1
1
1
1
1
1
1
1
1
1
1
1
1
1
1
1
1
1
1
1
1
1
1
1
1
1
1
1
1
1
1
1
1
1
1
1
1
1
1
1
1
1
1
1
1
1
1
1
1
1
1
1
1
1
1
1
1
1
1
1
1
1
1
1
1
1
1
1
1
1
1
1
1
1
1
1
1
1
1
1
1
1
1
1
1
1
1
1
1
1
1
1
1
1
1
1
1
1
1
1
1
1
1
1
1
1
1
1
1
1
1
1
1
1
1
1
1
1
1
1
1
1
1
1
1
1
1
1
1
1
1
1
1
1
1
1
1
1
1
1
1
1
1
1
1
1
1
1
1
1
1
1
1
1
1
1
1
1
1
1
1
1
1
1
1
1
1
1
1
1
1
1
1
1
1
1
1
1
1
1
1
1
1
1
1
1
1
1
1
1
1
1
1
1
1
1
1
1
1
1
1
1
1
1
1
1
1
1
1
1
1
1
1
1
1
1
1
1
1
1
1
1
1
1
1
1
1
1
1
1
1
1
1
1
1
1
1
1
1
1
1
1
1
1
1
1
1
1
1
1
1
1
1
1
1
1
1
1
1
1
1
1
1
1
1
1
1
1
1
1
1
1
1
1
1
1
1
1
1
1
1
1
1
1
1
1
1
1
1
1
1
1
1
1
1
1
1
1
1
1
1
1
1
1
1
1
1
1
1
1
1
1
1
1
1
1
1
1
1
1
1
1
1
1
1
1
1
1
1
1
1
1
1
1
1
1
1
1
1
1
1
1
1
1
1
1
1
1
1
1
1
1
1
1
1
1
1
1
1
1
1
1
1
1
1
1
1
1
1
1
1
1
1
1
1
1
1
1
1
1
1
1
1
1
1
1
1
1
1
1
1
1
1
1
1
1
1
1
1
1
1
1
1
1
1
1
1
1
1
1
1
1
1
1
1
1
1
1
1
1
1
1
1
1
1
1
1
1
1
1
1
1
1
1
1
1
1
1
1
1
1
1
1
1
1
1
1
1
1
1
1
1
1
1
1
1
1
1
1
1
1
1
1
1
1
1
1
1
1
1
1
1
1
1
1
1
1
1
1
1
1
1
1
1
1
1
1
1
1
1
1
1
1
1
1
1
1
1
1
1
1
1
1
1
1
1
1
1
1
1
1
1
1
1
1
1
1
1
1
1
1
1
1
1
1
1
1
1
1
1
1
1
1
1
1
1
1
1
1
1
1
1
1
1
1
1
1
1
1
1
1
1
1
1
1
1
1
1
1
1
1
1
1
1
1
1
1
1
1
1
1
1
1
1
1
1

2
6
12
20
30
42
56
72
90
110
132
156
182
210
240
272
306
342
380
420
462
506
552
600
650
702
756
812
870
930
992
1056
1122
1190
1260
1332
1406
1482
1560
1640
1722
1806
1892
1980
2070
2162
2256
2352
2450
2550
2652
2756
2862
2970
3080
3192
3306
3422
3540
3660
3782
3906
4032
4160
4290
4422
4556
4692
4830
4970
5112
5256
5402
5550
5700
5852
6006
6162
6320
6480
6642
6806
6972
7140
7310
7482
7656
7832
8010
8190
8372
8556
8742
8930
9120
9312
9506
9702
9900
10100
10302
10506
10712
10920
11130
11342
11556
11772
11990
12210
12432
12656
12882
13110
13340
13572
13806
14042
14280
14520
14762
15006
15252
15500
15750
16002
16256
16512
16770
17030
17292
17556
17822
18090
18360
18632
18906
19182
19460
19740
20022
20306
20592
20880
21170
21462
21756
22052
22350
22650
22952
23256
23562
23870
24180
24492
24806
25122
25440
25760
26082
26406
26732
27060
27390
27722
28056
28392
28730
29070
29412
29756
30102
30450
30800
31152
31506
31862
32220
32580
32942
33306
33672
34040
34410
34782
35156
35532
35910
36290
36672
37056
37442
37830
38220
38612
39006
39402
39800
40200
40602
41006
41412
41820
42230
42642
43056
43472
43890
44310
44732
45156
45582
46010
46440
46872
47306
47742
48180
48620
49062
49506
49952
50400
50850
51302
51756
52212
52670
53130
53592
54056
54522
54990
55460
55932
56406
56882
57360
57840
58322
58806
59292
59780
60270
60762
61256
61752
62250
62750
63252
63756
64262
64770
65280
65792
66306
66822
67340
67860
68382
68906
69432
69960
70490
71022
71556
72092
72630
73170
73712
74256
74802
75350
75900
76452
77006
77562
78120
78680
79242
79806
80372
80940
81510
82082
82656
83232
83810
84390
84972
85556
86142
86730
87320
87912
88506
89102
89700
90300
90902
91506
92112
92720
93330
93942
94556
95172
95790
96410
97032
97656
98282
98910
99540
100172
100806
101442
102080
102720
103362
104006
104652
105300
105950
106602
107256
107912
108570
109230
109892
110556
111222
111890
112560
113232
113906
114582
115260
115940
116622
117306
117992
118680
119370
120062
120756
121452
122150
122850
123552
124256
124962
125670
126380
127092
127806
128522
129240
129960
130682
131406
132132
132860
133590
134322
135056
135792
136530
137270
138012
138756
139502
140250
141000
141752
142506
143262
144020
144780
145542
146306
147072
147840
148610
149382
150156
150932
151710
152490
153272
154056
154842
155630
156420
157212
158006
158802
159600
160400
161202
162006
162812
163620
164430
165242
166056
166872
167690
168510
169332
170156
170982
171810
172640
173472
174306
175142
175980
176820
177662
178506
179352
180200
181050
181902
182756
183612
184470
185330
186192
187056
187922
188790
189660
190532
191406
192282
193160
194040
194922
195806
196692
197580
198470
199362
200256
201152
202050
202950
203852
204756
205662
206570
207480
208392
209306
210222
211140
212060
212982
213906
214832
215760
216690
217622
218556
219492
220430
221370
222312
223256
224202
225150
226100
227052
228006
228962
229920
230880
231842
232806
233772
234740
235710
236682
237656
238632
239610
240590
241572
242556
243542
244530
245520
246512
247506
248502
249500
250500
251502
252506
253512
254520
255530
256542
257556
258572
259590
260610
261632
262656
263682
264710
265740
266772
267806
268842
269880
270920
271962
273006
274052
275100
276150
277202
278256
279312
280370
281430
282492
283556
284622
285690
286760
287832
288906
289982
291060
292140
293222
294306
295392
296480
297570
298662
299756
300852
301950
303050
304152
305256
306362
307470
308580
309692
310806
311922
313040
314160
315282
316406
317532
318660
319790
320922
322056
323192
324330
325470
326612
327756
328902
330050
331200
332352
333506
334662
335820
336980
338142
339306
340472
341640
342810
343982
345156
346332
347510
348690
349872
351056
352242
353430
354620
355812
357006
358202
359400
360600
361802
363006
364212
365420
366630
367842
369056
370272
371490
372710
373932
375156
376382
377610
378840
380072
381306
382542
383780
385020
386262
387506
388752
390000
391250
392502
393756
395012
396270
397530
398792
400056
401322
402590
403860
405132
406406
407682
408960
410240
411522
412806
414092
415380
416670
417962
419256
420552
421850
423150
424452
425756
427062
428370
429680
430992
432306
433622
434940
436260
437582
438906
440232
441560
442890
444222
445556
446892
448230
449570
450912
452256
453602
454950
456300
457652
459006
460362
461720
463080
464442
465806
467172
468540
469910
471282
472656
474032
475410
476790
478172
479556
480942
482330
483720
485112
486506
487902
489300
490700
492102
493506
494912
496320
497730
499142
500556
501972
503390
504810
506232
507656
509082
510510
511940
513372
514806
516242
517680
519120
520562
522006
523452
524900
526350
527802
529256
530712
532170
533630
535092
536556
538022
539490
540960
542432
543906
545382
546860
548340
549822
551306
552792
554280
555770
557262
558756
560252
561750
563250
564752
566256
567762
569270
570780
572292
573806
575322
576840
578360
579882
581406
582932
584460
585990
587522
589056
590592
592130
593670
595212
596756
598302
599850
601400
602952
604506
606062
607620
609180
610742
612306
613872
615440
617010
618582
620156
621732
623310
624890
626472
628056
629642
631230
632820
634412
636006
637602
639200
640800
642402
644006
645612
647220
648830
650442
652056
653672
655290
656910
658532
660156
661782
663410
665040
666672
668306
669942
671580
673220
674862
676506
678152
679800
681450
683102
684756
686412
688070
689730
691392
693056
694722
696390
698060
699732
701406
703082
704760
706440
708122
709806
711492
713180
714870
716562
718256
719952
721650
723350
725052
726756
728462
730170
731880
733592
735306
737022
738740
740460
742182
743906
745632
747360
749090
750822
752556
754292
756030
757770
759512
761256
763002
764750
766500
768252
770006
771762
773520
775280
777042
778806
780572
782340
784110
785882
787656
789432
791210
792990
794772
796556
798342
800130
801920
803712
805506
807302
809100
810900
812702
814506
816312
818120
819930
821742
823556
825372
827190
829010
830832
832656
834482
836310
838140
839972
841806
843642
845480
847320
849162
851006
852852
854700
856550
858402
860256
862112
863970
865830
867692
869556
871422
873290
875160
877032
878906
880782
882660
884540
886422
888306
890192
892080
893970
895862
897756
899652
901550
903450
905352
907256
909162
911070
912980
914892
916806
918722
920640
922560
924482
926406
928332
930260
932190
934122
936056
937992
939930
941870
943812
945756
947702
949650
951600
953552
955506
957462
959420
961380
963342
965306
967272
969240
971210
973182
975156
977132
979110
981090
983072
985056
987042
989030
991020
993012
995006
997002
999000
1001000
1003002
1005006
1007012
1009020
1011030
1013042
1015056
1017072
1019090
1021110
1023132
1025156
1027182
1029210
1031240
1033272
1035306
1037342
1039380
1041420
1043462
1045506
1047552
1049600
1051650
1053702
1055756
1057812
1059870
1061930
1063992
1066056
1068122
1070190
1072260
1074332
1076406
1078482
1080560
1082640
1084722
1086806
1088892
1090980
1093070
1095162
1097256
1099352
1101450
1103550
1105652
1107756
1109862
1111970
1114080
1116192
1118306
1120422
1122540
1124660
1126782
1128906
1131032
1133160
1135290
1137422
1139556
1141692
1143830
1145970
1148112
1150256
1152402
1154550
1156700
1158852
1161006
1163162
1165320
1167480
1169642
1171806
1173972
1176140
1178310
1180482
1182656
1184832
1187010
1189190
1191372
1193556
1195742
1197930
1200120
1202312
1204506
1206702
1208900
1211100
1213302
1215506
1217712
1219920
1222130
1224342
1226556
1228772
1230990
1233210
1235432
1237656
1239882
1242110
1244340
1246572
1248806
1251042
1253280
1255520
1257762
1260006
1262252
1264500
1266750
1269002
1271256
1273512
1275770
1278030
1280292
1282556
1284822
1287090
1289360
1291632
1293906
1296182
1298460
1300740
1303022
1305306
1307592
1309880
1312170
1314462
1316756
1319052
1321350
1323650
1325952
1328256
1330562
1332870
1335180
1337492
1339806
1342122
1344440
1346760
1349082
1351406
1353732
1356060
1358390
1360722
1363056
1365392
1367730
1370070
1372412
1374756
1377102
1379450
1381800
1384152
1386506
1388862
1391220
1393580
1395942
1398306
1400672
1403040
1405410
1407782
1410156
1412532
1414910
1417290
1419672
1422056
1424442
1426830
1429220
1431612
1434006
1436402
1438800
1441200
1443602
1446006
1448412
1450820
1453230
1455642
1458056
1460472
1462890
1465310
1467732
1470156
1472582
1475010
1477440
1479872
1482306
1484742
1487180
1489620
1492062
1494506
1496952
1499400
1501850
1504302
1506756
1509212
1511670
1514130
1516592
1519056
1521522
1523990
1526460
1528932
1531406
1533882
1536360
1538840
1541322
1543806
1546292
1548780
1551270
1553762
1556256
1558752
1561250
1563750
1566252
1568756
1571262
1573770
1576280
1578792
1581306
1583822
1586340
1588860
1591382
1593906
1596432
1598960
1601490
1604022
1606556
1609092
1611630
1614170
1616712
1619256
1621802
1624350
1626900
1629452
1632006
1634562
1637120
1639680
1642242
1644806
1647372
1649940
1652510
1655082
1657656
1660232
1662810
1665390
1667972
1670556
1673142
1675730
1678320
1680912
1683506
1686102
1688700
1691300
1693902
1696506
1699112
1701720
1704330
1706942
1709556
1712172
1714790
1717410
1720032
1722656
1725282
1727910
1730540
1733172
1735806
1738442
1741080
1743720
1746362
1749006
1751652
1754300
1756950
1759602
1762256
1764912
1767570
1770230
1772892
1775556
1778222
1780890
1783560
1786232
1788906
1791582
1794260
1796940
1799622
1802306
1804992
1807680
1810370
1813062
1815756
1818452
1821150
1823850
1826552
1829256
1831962
1834670
1837380
1840092
1842806
1845522
1848240
1850960
1853682
1856406
1859132
1861860
1864590
1867322
1870056
1872792
1875530
1878270
1881012
1883756
1886502
1889250
1892000
1894752
1897506
1900262
1903020
1905780
1908542
1911306
1914072
1916840
1919610
1922382
1925156
1927932
1930710
1933490
1936272
1939056
1941842
1944630
1947420
1950212
1953006
1955802
1958600
1961400
1964202
1967006
1969812
1972620
1975430
1978242
1981056
1983872
1986690
1989510
1992332
1995156
1997982
2000810
2003640
2006472
2009306
2012142
2014980
2017820
2020662
2023506
2026352
2029200
2032050
2034902
2037756
2040612
2043470
2046330
2049192
2052056
2054922
2057790
2060660
2063532
2066406
2069282
2072160
2075040
2077922
2080806
2083692
2086580
2089470
2092362
2095256
2098152
2101050
2103950
2106852
2109756
2112662
2115570
2118480
2121392
2124306
2127222
2130140
2133060
2135982
2138906
2141832
2144760
2147690
2150622
2153556
2156492
2159430
2162370
2165312
2168256
2171202
2174150
2177100
2180052
2183006
2185962
2188920
2191880
2194842
2197806
2200772
2203740
2206710
2209682
2212656
2215632
2218610
2221590
2224572
2227556
2230542
2233530
2236520
2239512
2242506
2245502
2248500
2251500

2
8
27
48
50
72
245
64
405
600
484
288
507
1176
900
1536
867
972
2166
2400
1323
2420
2116
1728
3125
676
2916
3920
3364
4500
3844
6144
1089
5780
7350
2592
1369
7220
7605
9600
8405
8820
7396
1936
4050
6348
4418
13824
14406
2500
10404
10816
5618
2916
15125
9408
9747
13456
20886
14400
3721
3844
19845
24576
8450
4356
8978
18496
28566
29400
25205
20736
10658
21904
22500
5776
35574
24336
37446
12800
39366
40344
27556
7056
14450
36980
37845
15488
39605
32400
24843
16928
25947
8836
36100
18432
37636
28812
49005
30000
61206
31212
63654
64896
22050
56180
22898
69984
47524
48400
73926
50176
76614
77976
52900
53824
13689
13924
14161
14400
73205
44652
75645
92256
62500
15876
64516
16384
49923
84500
68644
69696
70756
35912
72900
36992
93845
57132
19321
117600
19881
100820
122694
41472
105125
127896
43218
65712
111005
112500
22801
92416
93636
47432
96100
73008
24649
124820
126405
25600
103684
104976
79707
80688
163350
27556
83667
84672
57122
144500
116964
118336
119716
151380
153125
185856
31329
31684
128164
64800
98283
132496
66978
67712
68450
207576
174845
141376
35721
216600
145924
221184
186245
75272
38025
230496
232854
117612
198005
80000
121203
204020
123627
208080
42025
127308
257094
173056
174724
44100
89042
44944
181476
45796
231125
93312
47089
285144
287766
290400
244205
147852
198916
50176
151875
102152
206116
155952
157323
158700
320166
53824
325734
273780
276125
55696
112338
339864
285605
288000
174243
58564
354294
59536
300125
60516
366054
246016
186003
312500
189003
127008
192027
193548
65025
65536
132098
133128
268324
202800
340605
205932
276676
278784
280900
70756
71289
71824
144722
437400
73441
295936
149058
375380
75625
228528
460374
77284
77841
313600
236883
79524
160178
241968
324900
163592
82369
497664
250563
504600
84681
511584
257547
172872
87025
525696
441045
355216
178802
270000
362404
364816
275427
184832
558150
374544
376996
94864
190962
96100
96721
292032
489845
197192
99225
299568
401956
606744
101761
614400
309123
311052
208658
314928
422500
531380
213858
430336
649446
435600
109561
551120
221778
334668
224450
225792
227138
571220
229842
346800
232562
467856
235298
355008
714150
598580
120409
121104
365403
735000
123201
247808
498436
501264
378075
506944
764694
128164
386643
518400
781926
524176
263538
264992
133225
803736
134689
135424
408483
684500
825846
415152
834774
279752
843750
848256
426387
714420
143641
433200
725805
729620
293378
737280
741125
744980
898614
301088
453963
304200
917286
921984
617796
155236
468075
627264
945654
475212
955206
640000
321602
646416
974454
163216
984150
989016
331298
998784
334562
504300
337842
169744
511707
514188
861125
865280
695556
698896
526683
176400
886205
356168
1073574
898880
722500
1088856
729316
915920
552123
739600
185761
186624
937445
188356
567675
1140576
954845
575532
385442
193600
1166886
586092
784996
394272
198025
1193496
1198854
1003520
201601
810000
1220406
612912
205209
824464
621075
623808
1044245
419528
421362
1269600
1275126
1067220
214369
1076480
432450
1302936
218089
438048
439922
220900
665523
1336704
223729
449352
225625
1359456
682587
685452
458882
1382400
1388166
232324
1399734
702768
235225
944784
1423014
952576
956484
1200500
723243
484128
486098
1220180
490050
246016
247009
1240020
747003
1250000
1004004
1008016
759027
762048
1020100
256036
1542294
516128
777243
1560600
1044484
786432
1315845
792588
1060900
1331280
1069156
1073296
538722
1622400
814323
1634904
1641174
1372880
1378125
830028
833187
278784
279841
1685400
1691766
1698144
1136356
1710936
572450
1436480
1153476
1736664
871563
1166400
1170724
1762584
1769094
887808
1188100
1192464
897627
1201216
1507005
1210000
1821606
609408
1834854
1227664
924075
927408
930747
311364
937443
1254400
1258884
947532
633938
954288
957675
1601780
1285956
645248
971283
1624500
652082
1308736
1313316
1647380
661250
663552
1997574
668168
1676205
672800
1350244
1693620
339889
1023168
2053350
1373584
1033707
1037232
1387684
2088600
698562
1401856
1054947
705672
1416100
355216
1069227
1430416
358801
720000
361201
362404
1090827
1459264
1464100
734472
736898
1848320
741762
1488400
1493284
1123632
751538
1507984
378225
758912
761378
2291544
1149483
1537600
771282
2321304
776258
1168128
1171875
391876
2358774
2366304
1186923
1984500
1194483
1597696
1202067
2411736
806450
404496
811538
814088
1633284
2048000
1643524
1236492
413449
2488416
2496150
2086580
1255827
419904
1263603
1690000
423801
2125520
1279227
2566296
858050
2151680
2589894
865928
1302843
2178000
1747684
2191220
1758276
2204480
1326675
2661336
1779556
892448
1790244
897800
2251205
1806336
452929
1362828
2733750
913952
916658
2298420
2766246
2774400
2782566
2325620
1399467
2807136
469225
1882384
943938
1893376
1898884
2380500
2864886
478864
1440747
963272
1932100
484416
971618
487204
488601
1470000
2457005
1971216
2965254
1982464
1988100
1993744
1999396
2005056
502681
3024600
1516563
1013888
1525107
2039184
1022450
3075936
1028178
1031048
3101766
3110400
2599205
1563852
2613645
3145056
2102500
3162456
1057058
529984
1062882
532900
1603083
2679120
2149156
2155024
1620675
2708480
543169
2723220
2184484
2738000
2196324
2752820
1104098
3321216
2220100
2226064
2232036
2797520
561001
3375000
2820005
1696512
2268036
3411096
1140050
3429216
1146098
1723692
3456486
1155200
2895605
2903220
2910845
1751088
1755675
3520536
1764867
589824
2365444
2964500
594441
2383936
1792587
1797228
1801875
602176
603729
605284
1820523
3042000
3659766
611524
613089
3073280
1232450
617796
1858107
1241888
622521
2496400
3128405
1881792
1886547
2521744
3792150
633616
1270418
2547216
3830406
3200000
1924803
643204
3868854
1292832
1944075
1299272
651249
2611456
1308962
1968300
3288605
3296720
2643876
3975576
1992675
3329280
3337445
669124
4024566
4034400
4044246
675684
677329
4073856
1361250
1364552
3419645
2742336
1374482
2755600
4143366
2076672
693889
695556
4183350
4193376
1401138
702244
1407842
705600
707281
2126892
2131947
2849344
3570125
715716
2869636
3595520
4324806
1445000
1448402
4355424
1455218
4375896
1462050
732736
734449
2208492
4427286
739600
1482642
2229132
4468614
2985984
2244675
749956
4510134
3013696
1510322
3784500
4551846
3801920
762129
763876
4593750
2302128
2307387
770884
4635846
774400
2328483
1555848
3898445
2344368
1566450
3139984
3147076
1577088
2370963
3168400
793881
3182656
3189796
3996180
3204100
802816
1609218
2419212
1616402
3240000
3247204
4068020
815409
1634432
4914150
4925016
4935894
1648928
2478843
2484300
4979526
1663488
833569
4176980
5023350
4195280
5045334
5056344
3378244
2539200
3392964
2550252
4259645
1707552
5133750
1714952
4296645
4305920
4315205
2594700
866761
2605872
3481956
1744712
4371125
5256576
5267814
2639532
2645163
883600
2656443
2662092
2667747
5346816
3572100
3579664
896809
1797408
2701803
1805000
2713203
1812608
908209
910116
3648100
4569680
915849
2753292
4598405
3686400
2770563
2776332
2782107
3717184
3724900
1866312
5610534
5622144
938961
3763600
5657046
2834352
2840187
2846028
950625
2857728
2863587
1912968
958441
1920800
4811805
964324
5797734
2904768
3880900
5833176
1948338
1952288
1956242
4900500
982081
984064
2958147
5928216
4950125
4960080
5964054
2988012
5988006
2000000
3006003
6024024
4024036
3024048
2020050
2024072
3042147
2032128
4072324
5100500
6132726
4096576
5130845
1028196
2060450
6193536
3102867
6217944
3115083
5202000
6254646
1044484
3139587
5242880
2101250
2105352
1054729
3170352
3176523
4243600
6377766
6390144
4268356
6414936
2142450
4293184
1075369
5387220
5397605
4326400
3251043
4343056
2175698
6539616
3276075
5470580
4384836
5491520
3301203
3307500
2209202
5533520
3326427
4443664
4452100
1115136
3351747
6716184
6728886
2247200
2251442
5639220
5649845
6792576
3402675
1136356
2276978
6843744
5713805
3434700
6882246
1149184
6907974
5767380
4622500
2315552
1159929
3486252
5821205
5832000
4674244
5853620
4691556
1175056
1177225
1179396
4726276
1183744
5929605
7128600
5951405
7154784
5973245
7181016
3597075
6006080
1203409
1205604
2415602
6050000
4848804
2428808
3649827
7312896
7326150
3669708
7352694
1227664
6149405
4928400
6171605
2473088
6193845
3722988
4972900
1245456
2495378
2499848
5008644
5017600
1256641
6294420
2522258
6316880
5062500
6339380
6350645
5089536
5098564
2553800
2558322
6407120
7702134
3857868
6441125
5161984
5171076
7770264
1297321
5198400
5207524
7824984
6532245
7852416
1311025
5253264
6578045
1317904
2640402
5290000
6624005
3981312
2658818
6658580
2668050
4009008
8031894
8045784
6716405
8073600
4043763
4050732
2705138
1354896
5428900
8157336
5447556
2728448
1366561
8213400
5484964
8241504
1375929
1378276
1380625
4148928
1385329
5550736
5560164
5569600
4184283
5588496
5597956
4205568
1404225
5626384
2817938
1411344
4241163
8496600
7092405
5683456
4269747
1425636
8568150
4291248
2865618
8611224
5750404
1440000
1442401
1444804
2894418
4348848
4356075
2908872
4370547
5837056
5846724
1464100
2933042
2937888
2942738
8842776
1476225
7393280
1481089
1483524
5943844
1488400
4472523
7466420
4487187
1498176
7503125
7515380
1505529
4523952
7552205
7564500
4546083
6071296
4560867
6091024
3050450
1527696
1530169
3065288
9210726
1537600
4620243
3085128
6180196
6190144
6200100
3105032
3110018
1557504
3120002
3125000
3130002
7837520
4710027
4717548
1575025
6310144
6320196
4747692
4755243
7938000
6360484
4777932
9571014
1597696
9601350
4808268
3210578
8039120
1610361
6451600
1615441
4853952
1620529
3246152
8128125
8140880
6522916
9799704
1635841
9830400
1640961
3287048
4938267
1648656
8256125
4961388
1656369
3317888
3323042
3328200
1666681
6677056
10031094
10046616
1677025
8398080
1682209
8424020
8437005
1690000
6770404
6780816
5093427
3400832
8515125
3411272
5124747
1710864
5140443
1716100
10312326
3442688
5171907
5179788
1729225
10391136
5203467
5211372
1739761
3484800
6980164
3495368
1750329
7011904
1755625
10549656
7043716
8817920
8831205
1768900
8857805
7096896
1776889
5338668
8911125
7139584
8937845
5370732
7171684
3591200
5394843
1800964
5410947
9031680
3618050
1811716
1814409
10902624
7279204
3645000
10951206
9139520
7322436
1833316
1836025
1838736
11048694
1844164
3693762
11097600
7409284
1855044
11146614
7441984
5589675
5597868
3737378
7485696
5622483
1876900
7518564
5647152
5655387
11327256
9453125
5680128
9480645
5696652
9508205
3808800
7628644
11459544
3825378
5746368
1918225
3841992
7695076
5779632
11575926
11592600
5804643
11625984
5821347
3886472
9730125
5846448
5854827
9772020
11743206
7840000
7851204
9828020
11810454
3942432
9870125
1976836
7918596
5947392
5955843
11928600
5972763
1993744
7986276
11996376
4004450
12030336
6023667
6032172
8054244
2016400
10096205
2022084
4049858
2027776
12183750
10167380
2036329
10195920
12252246
8179600
12286566
12303744
10267445
8225424
10296125
6186288
12389814
2067844
10353605
2073600
10382405
6238092
12493494
4170272
4176050
4181832
2093809
4193408
6298803
4205000
4210802
8433216
2111209
8456464
12702150
4239872
10614245
8503056
12772086
8526400
6403563
4274888
2140369
2143296
8584900
4298312
8608356
10775120
2157961
4321800
4327682
8667136
4339458
8690704
8702500
4357152
10907645
6553452
10937205
10952000
2193361
10981620
6597867
4404512
6615675
13249176
2211169
13284864
13302726
6660300
6669243
11130320
11145245
8928144
11175125
11190080
13446054
11220020
6741003
9000000

